370.91	2.49	4.16	367445.81	2.96	4.05	343664.03	3.19	4.42	360580.11	3.06	4.75	385859.03	3.75	4.88	371544.56
372.49	2.66	4.24	365013.23	3.01	4.06	340692.46	3.26	4.4	355481.87	3.16	4.77	381934.06	3.71	4.87	370427.48
374.08	2.84	4.3	361475.96	3.06	4.06	337657.13	3.32	4.38	350449.37	3.26	4.78	377708.81	3.69	4.87	369467.76
375.66	3.03	4.35	356821.71	3.11	4.06	334572.7	3.39	4.36	345507.7	3.35	4.78	373213.67	3.68	4.88	368489.63
377.24	3.22	4.39	351058.8	3.16	4.06	331456.41	3.45	4.33	340679.32	3.45	4.78	368481.29	3.69	4.89	367373.02
378.82	3.42	4.4	344218.98	3.21	4.05	328327.51	3.5	4.31	335983.99	3.54	4.77	363548.43	3.71	4.9	366036.67
380.4	3.62	4.4	336357.38	3.25	4.05	325208.33	3.55	4.28	331439.24	3.63	4.76	358454.3	3.73	4.91	364428.53
381.99	3.83	4.37	327551.76	3.29	4.04	322124.02	3.6	4.26	327060.27	3.72	4.74	353239.66	3.77	4.92	362519.35
383.57	4.02	4.32	317902.09	3.33	4.03	319102.8	3.64	4.23	322859.91	3.81	4.72	347947.12	3.81	4.93	360295.96
385.15	4.22	4.26	307524.76	3.37	4.02	316174.17	3.68	4.21	318848.61	3.89	4.69	342619.33	3.86	4.93	357757.28
386.74	4.4	4.18	296550.17	3.4	4.02	313372.03	3.72	4.18	315034.72	3.96	4.66	337297.6	3.91	4.94	354912.3
388.32	4.57	4.08	285116.4	3.43	4.01	310730.77	3.75	4.16	311423.94	4.03	4.63	332023.64	3.97	4.93	351777.11
389.9	4.73	3.96	273365.19	3.46	4	308287.24	3.78	4.14	308020.05	4.09	4.59	326836.33	4.03	4.93	348373.1
391.49	4.87	3.83	261434.75	3.49	4	306078.04	3.81	4.12	304824.24	4.15	4.55	321771.03	4.09	4.92	344725.51
393.07	5	3.7	249457.38	3.51	4	304140	3.84	4.11	301835.61	4.21	4.51	316860.83	4.15	4.9	340862.56
394.65	5.11	3.55	237553.18	3.53	4	302508.19	3.87	4.09	299050.51	4.25	4.48	312133.91	4.21	4.89	336814.36
396.24	5.21	3.4	225829.68	3.54	4	301213.43	3.89	4.08	296463.26	4.3	4.44	307614.03	4.28	4.86	332611.28
397.82	5.28	3.25	214378.88	3.56	4.02	300281.73	3.92	4.07	294065.51	4.34	4.4	303320.19	4.34	4.84	328283.62
399.4	5.34	3.1	203276.2	3.57	4.03	299729.55	3.94	4.06	291846.54	4.37	4.37	299265.78	4.4	4.81	323862.15
400.99	5.39	2.95	192582.42	3.58	4.05	299562.11	3.96	4.06	289792.01	4.41	4.34	295458.96	4.45	4.78	319376.2
402.57	5.42	2.81	182341.93	3.6	4.08	299768.77	3.99	4.06	287886.4	4.44	4.31	291901.61	4.51	4.74	314853.19
404.16	5.45	2.66	172587.21	3.62	4.12	300320.86	4.01	4.06	286110.2	4.46	4.28	288591.72	4.56	4.7	310319.38
405.74	5.45	2.53	163337.51	3.64	4.17	301165.74	4.04	4.06	284442.43	4.49	4.26	285520.24	4.61	4.67	305799.06
407.33	5.45	2.39	154602.47	3.67	4.22	302224.3	4.07	4.06	282858.58	4.51	4.24	282674.09	4.66	4.63	301314.2
408.91	5.44	2.27	146382.52	3.71	4.28	303388.87	4.1	4.07	281332.69	4.53	4.22	280035.21	4.7	4.59	296884.58
410.5	5.43	2.15	138672.64	3.76	4.34	304521.67	4.13	4.07	279836.54	4.56	4.21	277582.53	4.74	4.54	292527.63
412.08	5.4	2.04	131460.88	3.83	4.4	305456.69	4.17	4.08	278341.52	4.58	4.19	275290.5	4.78	4.5	288259.08
413.67	5.37	1.93	124732.33	3.91	4.47	306005.53	4.2	4.09	276817.37	4.61	4.18	273131.3	4.81	4.46	284091.7
415.25	5.34	1.83	118469.14	4	4.53	305966.41	4.24	4.1	275234.65	4.63	4.18	271076.34	4.84	4.42	280036.34
416.84	5.3	1.74	112651.48	4.11	4.59	305139.75	4.29	4.1	273564.69	4.66	4.17	269095.09	4.87	4.38	276102.16
418.42	5.26	1.66	107257.45	4.24	4.63	303345.77	4.33	4.11	271781.65	4.69	4.16	267158.11	4.9	4.34	272295.51
420.01	5.21	1.58	102266.81	4.38	4.66	300444.95	4.38	4.11	269861.97	4.72	4.16	265237.33	4.93	4.3	268622.41
421.59	5.17	1.5	97657.01	4.53	4.67	296359.16	4.43	4.11	267786.93	4.75	4.16	263306.07	4.95	4.26	265085.54
423.18	5.12	1.44	93407.8	4.69	4.66	291086.76	4.49	4.11	265542.72	4.79	4.15	261340.86	4.97	4.22	261687.4
424.77	5.07	1.37	89498.55	4.85	4.62	284708.99	4.54	4.11	263120.19	4.82	4.15	259321.87	4.99	4.19	258428.13
426.35	5.02	1.32	85910.17	5	4.57	277387.72	4.6	4.1	260517.58	4.86	4.14	257233.56	5	4.16	255307.43
427.94	4.96	1.26	82624.11	5.14	4.49	269348.07	4.65	4.09	257738.06	4.9	4.13	255064.97	5.02	4.12	252323.46
429.52	4.91	1.22	79623.83	5.26	4.39	260854.8	4.71	4.07	254791.1	4.94	4.12	252809.27	5.04	4.09	249473.45
431.11	4.86	1.17	76893.4	5.37	4.28	252183.87	4.76	4.05	251691.55	4.98	4.11	250464.96	5.05	4.07	246754.03
432.7	4.8	1.13	74418.5	5.46	4.16	243570.64	4.82	4.03	248458.39	5.02	4.1	248034.09	5.06	4.04	244160.48
434.28	4.75	1.09	72186.49	5.53	4.04	235097.22	4.87	4	245114.22	5.06	4.08	245523.38	5.08	4.01	241688.22
435.87	4.69	1.06	70186.07	5.58	3.92	226955.83	4.92	3.98	241684.74	5.1	4.06	242942.61	5.09	3.99	239331.02
437.46	4.64	1.03	68407.26	5.61	3.8	219308.67	4.97	3.94	238196.51	5.14	4.04	240304.71	5.1	3.97	237083.96
439.05	4.59	1.01	66842.22	5.63	3.69	212260.28	5.01	3.91	234676.21	5.18	4.02	237624.57	5.11	3.95	234940.1
440.63	4.53	0.98	65484.65	5.63	3.58	205867.77	5.06	3.87	231150.4	5.22	4	234918.04	5.12	3.93	232892.62
442.22	4.48	0.96	64330.63	5.63	3.49	200149.73	5.09	3.84	227644.21	5.26	3.98	232202.23	5.13	3.91	230935.42
443.81	4.42	0.95	63377.37	5.62	3.4	195096.57	5.13	3.8	224179.99	5.29	3.95	229493.86	5.15	3.9	229060.64
445.39	4.36	0.93	62625.85	5.6	3.33	190678.65	5.16	3.76	220778.51	5.33	3.93	226809.27	5.16	3.88	227261.54
446.98	4.31	0.92	62079.25	5.58	3.26	186852.59	5.19	3.72	217457.57	5.36	3.9	224163.84	5.17	3.87	225531.02
448.57	4.25	0.91	61744.4	5.55	3.2	183566.62	5.22	3.68	214232.22	5.39	3.88	221571.13	5.19	3.86	223861.86
450.16	4.2	0.91	61633.25	5.53	3.16	180765.47	5.24	3.65	211114.38	5.41	3.85	219042.94	5.2	3.85	222246.52
451.75	4.14	0.91	61761.25	5.5	3.12	178392.55	5.26	3.61	208113.47	5.44	3.83	216588.31	5.22	3.84	220678.3
453.33	4.08	0.91	62151.14	5.48	3.09	176391.36	5.28	3.57	205236.72	5.46	3.8	214214.66	5.23	3.83	219149.91
454.92	4.02	0.92	62830.56	5.46	3.06	174708.26	5.29	3.54	202488.89	5.49	3.78	211926.34	5.25	3.82	217654.83
456.51	3.97	0.93	63832.51	5.45	3.04	173290.86	5.31	3.51	199872.09	5.51	3.76	209724.86	5.27	3.81	216186.29
458.1	3.91	0.95	65187.7	5.43	3.03	172090.68	5.32	3.48	197387.86	5.53	3.74	207609.98	5.29	3.8	214737.54
459.69	3.86	0.97	66909.66	5.42	3.02	171061.11	5.33	3.45	195035.25	5.55	3.72	205577.98	5.31	3.8	213302.28
461.27	3.81	1	68964.06	5.42	3.01	170158.96	5.34	3.42	192812.62	5.58	3.7	203622.79	5.33	3.79	211874.33
462.86	3.77	1.03	71218.07	5.42	3.01	169343.71	5.35	3.4	190717.19	5.6	3.69	201736.78	5.36	3.78	210447.6
464.45	3.73	1.06	73399.5	5.42	3	168576.65	5.36	3.37	188744.71	5.62	3.67	199908.42	5.38	3.78	209016.4
466.04	3.7	1.08	75137.62	5.43	3	167822.13	5.36	3.35	186890.88	5.64	3.65	198126.55	5.4	3.77	207576.12
467.63	3.68	1.1	76153.4	5.44	3	167045.55	5.37	3.33	185151.16	5.67	3.64	196376.33	5.43	3.76	206121.64
469.22	3.65	1.1	76485.23	5.46	3	166215.5	5.38	3.31	183519.28	5.69	3.63	194643.24	5.46	3.76	204648.53
470.81	3.61	1.1	76491.86	5.48	3	165302.2	5.38	3.3	181989.74	5.72	3.61	192911.2	5.49	3.75	203153.1
472.4	3.56	1.1	76618.66	5.51	3	164277.66	5.39	3.28	180556.33	5.75	3.6	191164.66	5.52	3.74	201630.95
473.99	3.49	1.1	77192.39	5.54	2.99	163116.01	5.4	3.27	179212.58	5.78	3.58	189387.92	5.55	3.73	200079.2
475.58	3.42	1.11	78384.53	5.57	2.99	161794.82	5.41	3.26	177952	5.81	3.57	187567.25	5.58	3.72	198494.16
477.16	3.34	1.13	80266.88	5.61	2.98	160293.05	5.41	3.25	176767.75	5.84	3.55	185689.95	5.61	3.71	196873.05
478.75	3.25	1.16	82875.1	5.65	2.96	158593.4	5.42	3.24	175652.54	5.87	3.53	183746.39	5.64	3.7	195213.64
480.34	3.15	1.19	86247.45	5.69	2.95	156682.03	5.43	3.24	174599.58	5.9	3.51	181730.07	5.68	3.69	193513.08
481.93	3.05	1.24	90446.54	5.73	2.92	154548.57	5.44	3.23	173601.24	5.94	3.49	179637.32	5.71	3.68	191769.71
483.52	2.94	1.29	95570.23	5.78	2.9	152187.11	5.46	3.23	172650.21	5.97	3.46	177469.38	5.75	3.66	189981.34
485.11	2.83	1.36	101760.76	5.82	2.87	149596.12	5.47	3.22	171738.86	6	3.44	175230.72	5.78	3.65	188146.97
486.7	2.7	1.44	109214.68	5.87	2.83	146779.3	5.49	3.22	170859.23	6.03	3.41	172930.46	5.82	3.63	186264.88
488.29	2.56	1.53	118196.85	5.91	2.79	143744.81	5.5	3.22	170003.05	6.06	3.38	170580.04	5.86	3.62	184333.76
489.88	2.42	1.64	129052.3	5.95	2.74	140506.59	5.52	3.22	169161.68	6.09	3.35	168195.12	5.89	3.6	182352.85
491.47	2.25	1.78	142227.36	5.99	2.69	137083.43	5.54	3.22	168326.95	6.12	3.32	165792.57	5.93	3.58	180321.26
493.06	2.07	1.95	158276.91	6.02	2.63	133499.11	5.56	3.22	167489.45	6.14	3.28	163391.25	5.97	3.55	178238.31
494.65	1.87	2.15	177862.36	6.06	2.57	129781.03	5.59	3.22	166640.23	6.16	3.25	161009.61	6.01	3.53	176103.36
496.24	1.65	2.41	201707.71	6.08	2.5	125961.44	5.61	3.22	165769.37	6.18	3.21	158666.28	6.05	3.51	173916.27
497.83	1.41	2.73	230506.13	6.1	2.43	122074.35	5.64	3.22	164867.2	6.2	3.18	156378.05	6.08	3.48	171677
499.43	1.14	3.16	264765.41	6.12	2.36	118156.42	5.67	3.22	163923.49	6.22	3.15	154159.75	6.12	3.45	169385.58
501.02	0.86	3.71	304640.66	6.13	2.29	114245.05	5.7	3.22	162928.05	6.23	3.11	152018.72	6.16	3.42	167042.21
502.61	0.59	4.46	349743.31	6.13	2.22	110377.84	5.74	3.21	161869.78	6.24	3.08	149958.14	6.2	3.39	164647.8
504.2	0.39	5.5	398770.16	6.12	2.15	106591.19	5.77	3.21	160738.54	6.25	3.05	147986.67	6.23	3.36	162203.54
505.79	0.42	6.92	448413.54	6.11	2.08	102919.7	5.81	3.2	159523.11	6.26	3.02	146108.72	6.27	3.32	159710.93
507.38	1	8.8	490687.03	6.1	2.01	99395.33	5.85	3.2	158212.79	6.27	3	144326.05	6.3	3.29	157172.32
508.97	2.73	nan	508539.49	6.07	1.94	96047.31	5.89	3.19	156797.33	6.28	2.97	142637.97	6.34	3.25	154590.31
510.56	6	nan	476906.4	6.04	1.88	92900.55	5.94	3.18	155266.61	6.29	2.95	141039.88	6.37	3.21	151968.73
512.15	9.78	nan	388017.57	6.01	1.82	89976.98	5.99	3.16	153611.18	6.3	2.93	139526.54	6.4	3.17	149311.66
513.74	nan	8.26	277003.19	5.97	1.76	87294.33	6.03	3.14	151822.12	6.31	2.91	138089.31	6.43	3.12	146624.29
515.33	nan	5.44	184269.75	5.93	1.71	84866.71	6.08	3.12	149892.18	6.32	2.89	136719.22	6.46	3.08	143913.01
516.93	nan	3.44	120345.04	5.88	1.67	82704.93	6.13	3.1	147814.9	6.33	2.87	135404.98	6.48	3.03	141184.39
518.52	nan	2.18	79046.3	5.83	1.63	80816.68	6.18	3.07	145585.54	6.34	2.85	134134.88	6.51	2.99	138446.09
520.11	nan	1.39	52538.71	5.78	1.59	79206.73	6.23	3.04	143201.65	6.35	2.84	132896.72	6.53	2.94	135706.89
521.7	9.56	0.91	35279.07	5.73	1.56	77878.28	6.28	3.01	140662.46	6.37	2.82	131677.16	6.55	2.89	132975.95
523.29	8.99	0.6	23825.1	5.67	1.54	76832.12	6.33	2.97	137970.3	6.38	2.81	130463.02	6.56	2.84	130262.26
524.88	8.52	0.39	16089.97	5.61	1.52	76068.37	6.38	2.92	135129.35	6.4	2.79	129241.47	6.58	2.79	127576.59
526.47	8.12	0.26	10795.9	5.56	1.51	75583.49	6.42	2.87	132147.53	6.42	2.78	127999.35	6.59	2.74	124928.62
528.07	7.79	0.17	7142.66	5.5	1.5	75375.43	6.46	2.82	129034.95	6.44	2.76	126724.03	6.6	2.69	122328.25
529.66	7.5	0.11	4616.97	5.44	1.5	75443.78	6.5	2.76	125804.57	6.46	2.74	125403.61	6.6	2.64	119785.19
531.25	7.26	0.07	2879.21	5.38	1.5	75788.98	6.54	2.7	122472.71	6.49	2.73	124027.51	6.61	2.6	117309.2
532.84	7.05	0.04	1700.85	5.32	1.51	76412.76	6.57	2.64	119057.7	6.51	2.71	122585.35	6.61	2.55	114909.1
534.43	6.87	0.02	925.49	5.27	1.52	77318.02	6.6	2.57	115580.25	6.54	2.69	121068.52	6.61	2.5	112592.4
536.03	6.71	0.01	444.26	5.21	1.54	78510.72	6.62	2.5	112063.19	6.57	2.66	119469.25	6.61	2.46	110366.81
537.62	6.57	0	179.28	5.15	1.57	79998.11	6.64	2.43	108530.5	6.6	2.64	117782.23	6.6	2.42	108238.56
539.21	6.44	0	74.58	5.09	1.6	81791.76	6.65	2.36	105006.96	6.63	2.61	116002.56	6.6	2.38	106212.53
540.8	6.33	0	65.06	5.04	1.64	83906.7	6.66	2.29	101517.21	6.65	2.58	114128.38	6.59	2.34	104293.28
542.39	6.23	0	61.4	4.98	1.69	86362.05	6.66	2.21	98086.85	6.68	2.55	112159.06	6.58	2.3	102483.73
543.99	6.14	0	57.98	4.93	1.74	89182.55	6.65	2.14	94739.15	6.71	2.51	110096.14	6.57	2.27	100785.02
545.58	6.06	0	54.82	4.88	1.8	92399.34	6.64	2.07	91497.13	6.74	2.47	107942.99	6.57	2.24	99197.56
547.17	5.99	0	51.67	4.82	1.87	96050.54	6.63	2	88381.71	6.76	2.43	105705.24	6.56	2.21	97719.25
548.76	5.92	0	48.78	4.77	1.95	100182.71	6.61	1.94	85411.44	6.79	2.39	103390.01	6.55	2.18	96346.37
550.36	5.86	0	45.89	4.73	2.04	104851.99	6.58	1.87	82603.57	6.81	2.34	101006.43	6.54	2.16	95072.77
551.95	5.8	0	43.49	4.68	2.14	110124.26	6.55	1.81	79972.17	6.83	2.29	98565.08	6.53	2.13	93888.67
553.54	5.75	0	40.86	4.64	2.26	116051.14	6.52	1.76	77529.14	6.85	2.24	96078.09	6.52	2.11	92781.57
555.13	5.7	0	38.71	4.61	2.4	122704.77	6.48	1.71	75284.57	6.86	2.19	93558.93	6.52	2.1	91735.09
556.73	5.65	0	36.34	4.58	2.56	130196.42	6.44	1.66	73246.11	6.87	2.14	91021.73	6.52	2.08	90728.97
558.32	5.6	0	34.44	4.56	2.74	138638.74	6.39	1.62	71419.1	6.88	2.09	88481.16	6.52	2.06	89738.65
559.91	5.56	0	32.32	4.56	2.95	148131.62	6.34	1.58	69808.28	6.89	2.03	85952.12	6.52	2.04	88736.68
561.5	5.52	0	30.66	4.58	3.2	158730.83	6.3	1.55	68415.85	6.89	1.98	83450.41	6.53	2.03	87693.41
563.1	5.48	0	28.79	4.64	3.49	170389.08	6.25	1.52	67244.45	6.88	1.92	80990.77	6.54	2.01	86579.5
564.69	5.45	0	27.15	4.76	3.83	182847.34	6.19	1.49	66294.58	6.88	1.87	78587.69	6.55	1.98	85368.13
566.28	5.41	0	25.74	4.96	4.22	195451	6.14	1.47	65567.53	6.87	1.82	76255.6	6.56	1.96	84038.43
567.88	5.38	0	24.12	5.3	4.64	206868.48	6.09	1.46	65064.3	6.85	1.77	74007.64	6.57	1.93	82578.55
569.47	5.35	0	22.73	5.82	5.06	214746.18	6.03	1.45	64786.13	6.84	1.72	71856.13	6.58	1.9	80987.4
571.06	5.32	0	21.57	6.59	5.38	215537.15	5.98	1.45	64735.43	6.82	1.67	69812.5	6.59	1.87	79275.22
572.65	5.29	0	20.19	7.58	5.44	205172.72	5.93	1.45	64915.47	6.79	1.62	67887.36	6.6	1.83	77462.89
574.25	5.26	0	19.04	8.65	5.06	181395.09	5.87	1.46	65331.5	6.77	1.58	66089.53	6.61	1.79	75578.75
575.84	5.24	0	17.89	9.5	4.25	146821.07	5.82	1.47	65990.28	6.74	1.54	64427.55	6.61	1.75	73655.93
577.43	5.21	0	16.97	9.92	3.19	108805.23	5.76	1.49	66901.35	6.71	1.51	62908.37	6.61	1.71	71727.84
579.03	5.19	0	15.84	9.91	2.18	74797.83	5.71	1.51	68077.62	6.68	1.47	61536.89	6.6	1.67	69825.98
580.62	5.17	0	14.93	9.61	1.39	48450.6	5.66	1.54	69534.63	6.65	1.45	60315.11	6.59	1.63	67976.54
582.21	5.14	0	14.03	9.21	0.84	29841.18	5.61	1.58	71293.16	6.62	1.42	59246.36	6.58	1.59	66200.24
583.8	5.12	0	13.13	8.79	0.48	17444.25	5.56	1.62	73378.54	6.59	1.4	58333.25	6.57	1.55	64512.2
585.4	5.1	0	12.45	8.41	0.26	9532.35	5.51	1.68	75821.13	6.55	1.38	57576.01	6.55	1.51	62917.7
586.99	5.08	0	11.56	8.07	0.12	4697.37	5.46	1.74	78658.52	6.52	1.37	56972.32	6.54	1.48	61418.14
588.58	5.06	0	10.89	7.79	0.05	1925.78	5.42	1.81	81934.19	6.49	1.36	56517.05	6.52	1.44	60015.49
590.18	5.04	0	10.22	7.55	0.01	522.73	5.38	1.89	85698.14	6.46	1.35	56200.76	6.5	1.41	58708.8
591.77	5.03	0	9.56	7.35	0	23.15	5.35	1.99	89977.98	6.44	1.35	56008.89	6.48	1.39	57495.56
593.36	5.01	0	8.89	7.19	0	0	5.32	2.1	94821.66	6.41	1.34	55919.27	6.46	1.36	56371.63
594.96	4.99	0	8.45	7.05	0	0	5.3	2.23	100293.79	6.39	1.35	55902.6	6.43	1.34	55332.32
596.55	4.98	0	7.79	6.94	0	0	5.3	2.38	106441.7	6.38	1.35	55919.49	6.41	1.31	54372.26
598.14	4.96	0	7.35	6.84	0	0	5.32	2.55	113270.96	6.37	1.35	55921.39	6.39	1.29	53486.45
599.74	4.94	0	6.91	6.74	0	0	5.37	2.75	120700.89	6.36	1.35	55853.48	6.37	1.27	52669.87
601.33	4.93	0	6.27	6.66	0	0	5.46	2.97	128494.75	6.36	1.35	55657.84	6.35	1.26	51917.79
602.92	4.91	0	5.84	6.59	0	0	5.61	3.21	136157.04	6.36	1.34	55282.96	6.33	1.24	51225.58
604.52	4.9	0	5.4	6.52	0	0	5.85	3.45	142810.33	6.36	1.33	54694.66	6.3	1.23	50588.73
606.11	4.89	0	5.18	6.45	0	0	6.19	3.67	147119.32	6.36	1.32	53885.99	6.28	1.21	50003.99
607.7	4.87	0	4.76	6.39	0	0	6.63	3.81	147395.73	6.35	1.3	52884.7	6.26	1.2	49467.18
609.3	4.86	0	4.33	6.34	0	0	7.17	3.81	142083.48	6.34	1.27	51754.15	6.24	1.19	48975.02
610.89	4.85	0	4.11	6.29	0	0	7.71	3.62	130618.18	6.32	1.24	50583.65	6.23	1.18	48524.54
612.48	4.84	0	3.69	6.24	0	0	8.17	3.24	114141.1	6.3	1.22	49476.26	6.21	1.17	48112.49
614.08	4.82	0	3.48	6.19	0	0	8.47	2.74	95245.75	6.26	1.19	48533.41	6.19	1.17	47736.14
615.67	4.81	0	3.27	6.15	0	0	8.59	2.22	76766.86	6.22	1.17	47844.07	6.17	1.16	47392.78
617.26	4.8	0	2.85	6.11	0	0	8.55	1.75	60635.76	6.18	1.16	47479.71	6.16	1.15	47079.27
618.86	4.79	0	2.64	6.07	0	0	8.42	1.36	47600.92	6.12	1.16	47494.72	6.14	1.15	46793.16
620.45	4.78	0	2.43	6.04	0	0	8.24	1.07	37578.31	6.07	1.17	47930.33	6.12	1.14	46531.62
622.04	4.77	0	2.22	6	0	0	8.05	0.85	30102.38	6.01	1.19	48820.28	6.11	1.14	46291.43
623.64	4.76	0	2.02	5.97	0	0	7.86	0.69	24627.25	5.95	1.22	50196.72	6.09	1.13	46069.78
625.23	4.75	0	1.81	5.94	0	0	7.68	0.57	20664.12	5.9	1.27	52093.73	6.08	1.13	45863.12
626.83	4.74	0	1.6	5.91	0	0	7.52	0.49	17820.76	5.84	1.32	54551.86	6.07	1.13	45668.55
628.42	4.73	0	1.4	5.88	0	0	7.38	0.43	15799.09	5.79	1.4	57616.84	6.05	1.12	45482.17
630.01	4.72	0	1.4	5.85	0	0	7.25	0.39	14378.85	5.75	1.49	61338.29	6.04	1.12	45300.91
631.61	4.71	0	1.19	5.82	0	0	7.13	0.36	13398.51	5.72	1.6	65759.8	6.03	1.12	45121.37
633.2	4.7	0	0.99	5.8	0	0	7.03	0.34	12740.64	5.7	1.73	70900.9	6.02	1.12	44940.74
634.79	4.69	0	0.99	5.77	0	0	6.94	0.33	12319.67	5.71	1.88	76720.93	6.01	1.11	44757.26
636.39	4.68	0	0.79	5.75	0	0	6.86	0.32	12072.6	5.76	2.05	83054.07	5.99	1.11	44570.56
637.98	4.67	0	0.79	5.72	0	0	6.79	0.32	11952.82	5.85	2.24	89546.42	5.98	1.11	44382.81
639.57	4.67	0	0.59	5.7	0	0	6.73	0.31	11872.95	6	2.43	95551.61	5.97	1.1	44199.75
641.17	4.66	0	0.59	5.68	0	0	6.67	0.31	11789.15	6.23	2.6	100073.61	5.95	1.1	44031.49
642.76	4.65	0	0.39	5.66	0	0	6.62	0.31	11702.64	6.54	2.72	101867.63	5.93	1.1	43895.38
644.35	4.64	0	0.39	5.64	0	0	6.57	0.31	11614.22	6.9	2.74	99808.45	5.91	1.1	43815.89
645.95	4.63	0	0.39	5.62	0	0	6.53	0.3	11524.48	7.28	2.63	93470.13	5.89	1.1	43827.05
647.54	4.63	0	0.19	5.6	0	0	6.49	0.3	11433.64	7.61	2.4	83534.48	5.86	1.1	43972.48
649.13	4.62	0	0.19	5.58	0	0	6.45	0.3	11342.08	7.84	2.09	71588.55	5.83	1.11	44305.34
650.73	4.61	0	0.19	5.56	0	0	6.41	0.3	11250	7.96	1.75	59403.16	5.8	1.12	44885.3
652.32	4.61	0	0.19	5.54	0	0	6.38	0.29	11157.61	7.98	1.42	48278.48	5.77	1.15	45775.68
653.91	4.6	0	0	5.53	0	0	6.35	0.29	11065.28	7.92	1.14	38841.46	5.73	1.18	47037.41
655.51	4.59	0	0	5.51	0	0	6.32	0.29	10973.01	7.83	0.91	31196.16	5.7	1.22	48721.65
657.1	4.58	0	0	5.49	0	0	6.29	0.29	10880.81	7.71	0.73	25169.51	5.67	1.27	50863.21
658.69	4.58	0	0	5.48	0	0	6.26	0.28	10789.05	7.59	0.59	20488.96	5.65	1.34	53471.38
660.28	4.57	0	0	5.46	0	0	6.23	0.28	10697.55	7.47	0.49	16879.25	5.64	1.42	56521.04
661.88	4.57	0	0	5.45	0	0	6.21	0.28	10606.49	7.36	0.4	14101.42	5.64	1.51	59944.27
663.47	4.56	0	0	5.43	0	0	6.19	0.28	10516.06	7.26	0.34	11963.1	5.67	1.61	63573.63
665.06	4.55	0	0	5.42	0	0	6.16	0.27	10426.06	7.16	0.29	10314.01	5.71	1.72	67145.18
666.66	4.55	0	0	5.4	0	0	6.14	0.27	10336.68	7.07	0.26	9039.81	5.79	1.82	70450.63
668.25	4.54	0	0	5.39	0	0	6.12	0.27	10248.09	6.99	0.23	8053.57	5.89	1.91	73224.69
669.84	4.53	0	0	5.38	0	0	6.1	0.27	10159.94	6.92	0.2	7289.64	6.03	1.99	75161.46
671.44	4.53	0	0	5.36	0	0	6.08	0.27	10072.57	6.85	0.19	6697.96	6.19	2.05	75957.07
673.03	4.52	0	0	5.35	0	0	6.06	0.26	9986	6.79	0.17	6240.53	6.36	2.06	75373.46
674.62	4.52	0	0	5.34	0	0	6.04	0.26	9900.2	6.73	0.16	5888.64	6.55	2.04	73305.18
676.22	4.51	0	0	5.33	0	0	6.02	0.26	9815	6.68	0.16	5619.43	6.73	1.97	69822.62
677.81	4.51	0	0	5.32	0	0	6	0.26	9730.75	6.63	0.15	5416.01	6.89	1.86	65168.76
679.4	4.5	0	0	5.3	0	0	5.99	0.26	9647.09	6.58	0.15	5264.4	7.02	1.72	59706.61
680.99	4.5	0	0	5.29	0	0	5.97	0.25	9564.37	6.54	0.14	5154.66	7.12	1.57	53837.69
682.59	4.49	0	0	5.28	0	0	5.95	0.25	9482.22	6.5	0.14	5077.83	7.18	1.4	47925.83
684.18	4.49	0	0	5.27	0	0	5.94	0.25	9401	6.47	0.14	5027.62	7.21	1.24	42250.87
685.77	4.48	0	0	5.26	0	0	5.92	0.25	9320.71	6.43	0.14	4989	7.21	1.09	36994.96
687.36	4.48	0	0	5.25	0	0	5.91	0.25	9240.98	6.4	0.14	4950.39	7.19	0.95	32251.92
688.96	4.47	0	0	5.24	0	0	5.89	0.24	9162.16	6.37	0.14	4911.58	7.16	0.82	28050.99
690.55	4.47	0	0	5.23	0	0	5.88	0.24	9084.07	6.34	0.13	4872.96	7.11	0.72	24376.81
692.14	4.46	0	0	5.22	0	0	5.87	0.24	9006.89	6.32	0.13	4834.33	7.06	0.62	21190.12
693.74	4.46	0	0	5.21	0	0	5.85	0.24	8930.42	6.29	0.13	4796.06	7	0.54	18440.13
695.33	4.45	0	0	5.2	0	0	5.84	0.24	8854.67	6.27	0.13	4757.79	6.95	0.47	16073.04
696.92	4.45	0	0	5.19	0	0	5.83	0.24	8779.79	6.25	0.13	4719.87	6.89	0.41	14037
698.51	4.44	0	0	5.18	0	0	5.82	0.23	8705.81	6.22	0.13	4682.13	6.83	0.36	12284.78
700.1	4.44	0	0	5.17	0	0	5.8	0.23	8632.34	6.2	0.13	4644.55	6.78	0.31	10774.77
701.7	4.43	0	0	5.16	0	0	5.79	0.23	8559.74	6.18	0.13	4607.51	6.72	0.27	9470.75
703.29	4.43	0	0	5.15	0	0	5.78	0.23	8488.01	6.16	0.13	4570.63	6.67	0.24	8341.85
704.88	4.43	0	0	5.14	0	0	5.77	0.23	8416.96	6.14	0.13	4534.1	6.62	0.21	7361.92
706.47	4.42	0	0	5.14	0	0	5.76	0.23	8346.58	6.13	0.13	4497.91	6.58	0.19	6509.14
708.07	4.42	0	0	5.13	0	0	5.75	0.22	8277.06	6.11	0.12	4462.07	6.53	0.17	5764.73
709.66	4.41	0	0	5.12	0	0	5.73	0.22	8208.2	6.09	0.12	4426.56	6.49	0.15	5112.9
711.25	4.41	0	0	5.11	0	0	5.72	0.22	8140.18	6.07	0.12	4391.38	6.45	0.13	4540.85
712.84	4.41	0	0	5.1	0	0	5.71	0.22	8072.82	6.06	0.12	4356.54	6.41	0.12	4037.29
714.43	4.4	0	0	5.1	0	0	5.7	0.22	8006.11	6.04	0.12	4322.21	6.37	0.1	3592.78
716.03	4.4	0	0	5.09	0	0	5.69	0.22	7940.22	6.03	0.12	4288.03	6.34	0.09	3199.75
717.62	4.39	0	0	5.08	0	0	5.68	0.21	7874.98	6.01	0.12	4254.36	6.31	0.08	2851.18
719.21	4.39	0	0	5.07	0	0	5.67	0.21	7810.37	6	0.12	4220.83	6.27	0.07	2541.37
720.8	4.39	0	0	5.06	0	0	5.66	0.21	7746.4	5.98	0.12	4187.8	6.24	0.06	2265.71
722.39	4.38	0	0	5.06	0	0	5.66	0.21	7683.24	5.97	0.12	4155.09	6.21	0.06	2019.96
723.98	4.38	0	0	5.05	0	0	5.65	0.21	7620.7	5.96	0.12	4122.87	6.19	0.05	1800.47
725.58	4.38	0	0	5.04	0	0	5.64	0.21	7558.95	5.94	0.12	4090.79	6.16	0.05	1604.27
727.17	4.37	0	0	5.04	0	0	5.63	0.21	7497.65	5.93	0.11	4059.2	6.13	0.04	1428.64
728.76	4.37	0	0	5.03	0	0	5.62	0.2	7437.13	5.92	0.11	4027.92	6.11	0.04	1271.37
730.35	4.37	0	0	5.02	0	0	5.61	0.2	7377.23	5.91	0.11	3996.94	6.08	0.03	1130.43
731.94	4.36	0	0	5.02	0	0	5.6	0.2	7317.93	5.89	0.11	3966.45	6.06	0.03	1004.02
733.53	4.36	0	0	5.01	0	0	5.59	0.2	7259.22	5.88	0.11	3936.09	6.04	0.03	890.83
735.12	4.36	0	0	5	0	0	5.59	0.2	7201.12	5.87	0.11	3906.2	6.02	0.02	789.41
736.71	4.35	0	0	5	0	0	5.58	0.2	7143.77	5.86	0.11	3876.61	6	0.02	698.67
738.31	4.35	0	0	4.99	0	0	5.57	0.2	7086.85	5.85	0.11	3847.33	5.98	0.02	617.34
739.9	4.35	0	0	4.98	0	0	5.56	0.2	7030.68	5.84	0.11	3818.5	5.96	0.02	544.85
741.49	4.34	0	0	4.98	0	0	5.55	0.19	6974.92	5.83	0.11	3789.8	5.94	0.01	480.46
743.08	4.34	0	0	4.97	0	0	5.55	0.19	6919.91	5.82	0.11	3761.57	5.92	0.01	423.12
744.67	4.34	0	0	4.97	0	0	5.54	0.19	6865.3	5.81	0.11	3733.62	5.9	0.01	372.27
746.26	4.33	0	0	4.96	0	0	5.53	0.19	6811.43	5.8	0.11	3705.96	5.89	0.01	327.69
747.85	4.33	0	0	4.96	0	0	5.53	0.19	6758.13	5.79	0.11	3678.58	5.87	0.01	288.51
749.44	4.33	0	0	4.95	0	0	5.52	0.19	6705.22	5.78	0.1	3651.5	5.85	0.01	254.53
751.03	4.33	0	0	4.94	0	0	5.51	0.19	6652.87	5.77	0.1	3624.69	5.84	0.01	225.21
752.62	4.32	0	0	4.94	0	0	5.5	0.19	6601.25	5.76	0.1	3598.33	5.82	0.01	200.19
754.21	4.32	0	0	4.93	0	0	5.5	0.18	6550	5.75	0.1	3572.08	5.81	0.01	178.78
755.8	4.32	0	0	4.93	0	0	5.49	0.18	6499.32	5.74	0.1	3546.28	5.79	0	159.12
757.39	4.31	0	0	4.92	0	0	5.48	0.18	6449.17	5.73	0.1	3520.58	5.78	0	140.86
758.98	4.31	0	0	4.92	0	0	5.48	0.18	6399.56	5.73	0.1	3495.32	5.77	0	124.01
760.57	4.31	0	0	4.91	0	0	5.47	0.18	6350.33	5.72	0.1	3470.34	5.75	0	108.55
762.16	4.31	0	0	4.91	0	0	5.46	0.18	6301.64	5.71	0.1	3445.62	5.74	0	94.48
763.75	4.3	0	0	4.9	0	0	5.46	0.18	6253.47	5.7	0.1	3421.01	5.73	0	81.61
765.34	4.3	0	0	4.9	0	0	5.45	0.18	6205.84	5.69	0.1	3396.83	5.72	0	70.11
766.93	4.3	0	0	4.89	0	0	5.45	0.18	6158.73	5.68	0.1	3372.91	5.7	0	59.97
768.52	4.29	0	0	4.89	0	0	5.44	0.17	6111.98	5.68	0.1	3349.25	5.69	0	51.02
770.11	4.29	0	0	4.88	0	0	5.43	0.17	6065.75	5.67	0.1	3325.86	5.68	0	43.24
771.7	4.29	0	0	4.88	0	0	5.43	0.17	6020.04	5.66	0.1	3302.56	5.67	0	36.8
773.29	4.29	0	0	4.87	0	0	5.42	0.17	5974.68	5.65	0.1	3279.69	5.66	0	31.36
774.88	4.28	0	0	4.87	0	0	5.42	0.17	5929.83	5.65	0.1	3257.07	5.65	0	27.24
776.47	4.28	0	0	4.86	0	0	5.41	0.17	5885.32	5.64	0.09	3234.54	5.64	0	23.79
778.06	4.28	0	0	4.86	0	0	5.4	0.17	5841.33	5.63	0.09	3212.43	5.63	0	20.51
779.65	4.28	0	0	4.85	0	0	5.4	0.17	5797.83	5.63	0.09	3190.41	5.62	0	17.57
781.23	4.27	0	0	4.85	0	0	5.39	0.17	5754.67	5.62	0.09	3168.8	5.61	0	14.8
782.82	4.27	0	0	4.85	0	0	5.39	0.17	5712.01	5.61	0.09	3147.28	5.6	0	12.36
784.41	4.27	0	0	4.84	0	0	5.38	0.16	5669.84	5.61	0.09	3126.01	5.59	0	10.09
786	4.27	0	0	4.84	0	0	5.38	0.16	5628.01	5.6	0.09	3104.98	5.58	0	8.15
787.59	4.27	0	0	4.83	0	0	5.37	0.16	5586.5	5.59	0.09	3084.2	5.57	0	6.38
789.18	4.26	0	0	4.83	0	0	5.37	0.16	5545.48	5.59	0.09	3063.5	5.56	0	4.78
790.77	4.26	0	0	4.82	0	0	5.36	0.16	5504.78	5.58	0.09	3043.2	5.55	0	3.5
792.35	4.26	0	0	4.82	0	0	5.36	0.16	5464.57	5.57	0.09	3022.99	5.54	0	2.38
793.94	4.26	0	0	4.82	0	0	5.35	0.16	5424.67	5.57	0.09	3003.02	5.54	0	1.58
795.53	4.25	0	0	4.81	0	0	5.35	0.16	5385.26	5.56	0.09	2983.28	5.53	0	0.79
797.12	4.25	0	0	4.81	0	0	5.34	0.16	5346.15	5.55	0.09	2963.78	5.52	0	0.32
798.7	4.25	0	0	4.8	0	0	5.34	0.16	5307.36	5.55	0.09	2944.51	5.51	0	0
800.29	4.25	0	0	4.8	0	0	5.33	0.15	5269.04	5.54	0.09	2925.32	5.5	0	0
801.88	4.25	0	0	4.8	0	0	5.33	0.15	5231.03	5.54	0.09	2906.37	5.5	0	0
803.47	4.24	0	0	4.79	0	0	5.32	0.15	5193.48	5.53	0.09	2887.65	5.49	0	0
805.05	4.24	0	0	4.79	0	0	5.32	0.15	5156.23	5.53	0.09	2869.15	5.48	0	0
806.64	4.24	0	0	4.79	0	0	5.31	0.15	5119.29	5.52	0.09	2850.73	5.47	0	0
808.23	4.24	0	0	4.78	0	0	5.31	0.15	5082.8	5.51	0.09	2832.54	5.47	0	0
809.82	4.24	0	0	4.78	0	0	5.3	0.15	5046.62	5.51	0.09	2814.57	5.46	0	0
811.4	4.23	0	0	4.77	0	0	5.3	0.15	5010.73	5.5	0.08	2796.68	5.45	0	0
812.99	4.23	0	0	4.77	0	0	5.29	0.15	4975.14	5.5	0.08	2779.17	5.45	0	0
814.58	4.23	0	0	4.77	0	0	5.29	0.15	4939.99	5.49	0.08	2761.57	5.44	0	0
816.16	4.23	0	0	4.76	0	0	5.29	0.15	4905.14	5.49	0.08	2744.34	5.43	0	0
817.75	4.23	0	0	4.76	0	0	5.28	0.15	4870.58	5.48	0.08	2727.18	5.43	0	0
819.34	4.22	0	0	4.76	0	0	5.28	0.14	4836.3	5.48	0.08	2710.25	5.42	0	0
820.92	4.22	0	0	4.75	0	0	5.27	0.14	4802.31	5.47	0.08	2693.53	5.41	0	0
822.51	4.22	0	0	4.75	0	0	5.27	0.14	4768.76	5.47	0.08	2676.88	5.41	0	0
824.09	4.22	0	0	4.75	0	0	5.26	0.14	4735.49	5.46	0.08	2660.44	5.4	0	0
825.68	4.22	0	0	4.74	0	0	5.26	0.14	4702.5	5.46	0.08	2644.22	5.4	0	0
827.27	4.21	0	0	4.74	0	0	5.26	0.14	4669.78	5.45	0.08	2628.06	5.39	0	0
828.85	4.21	0	0	4.74	0	0	5.25	0.14	4637.5	5.45	0.08	2612.12	5.38	0	0
830.44	4.21	0	0	4.73	0	0	5.25	0.14	4605.35	5.44	0.08	2596.24	5.38	0	0
832.02	4.21	0	0	4.73	0	0	5.24	0.14	4573.61	5.44	0.08	2580.57	5.37	0	0
833.61	4.21	0	0	4.73	0	0	5.24	0.14	4542.15	5.43	0.08	2565.11	5.37	0	0
835.19	4.21	0	0	4.73	0	0	5.24	0.14	4510.81	5.43	0.08	2549.71	5.36	0	0
836.78	4.2	0	0	4.72	0	0	5.23	0.14	4479.89	5.42	0.08	2534.52	5.36	0	0
838.36	4.2	0	0	4.72	0	0	5.23	0.14	4449.24	5.42	0.08	2519.38	5.35	0	0
839.95	4.2	0	0	4.72	0	0	5.23	0.14	4418.85	5.42	0.08	2504.45	5.34	0	0
841.53	4.2	0	0	4.71	0	0	5.22	0.13	4388.73	5.41	0.08	2489.73	5.34	0	0
843.12	4.2	0	0	4.71	0	0	5.22	0.13	4358.87	5.41	0.08	2475.07	5.33	0	0
844.7	4.2	0	0	4.71	0	0	5.21	0.13	4329.42	5.4	0.08	2460.61	5.33	0	0
846.29	4.19	0	0	4.7	0	0	5.21	0.13	4300.08	5.4	0.08	2446.2	5.32	0	0
847.87	4.19	0	0	4.7	0	0	5.21	0.13	4271	5.39	0.08	2432	5.32	0	0
849.45	4.19	0	0	4.7	0	0	5.2	0.13	4242.18	5.39	0.08	2417.85	5.31	0	0
851.04	4.19	0	0	4.7	0	0	5.2	0.13	4213.61	5.39	0.08	2403.9	5.31	0	0
852.62	4.19	0	0	4.69	0	0	5.2	0.13	4185.3	5.38	0.08	2390	5.3	0	0
854.2	4.19	0	0	4.69	0	0	5.19	0.13	4157.39	5.38	0.07	2376.3	5.3	0	0
855.79	4.18	0	0	4.69	0	0	5.19	0.13	4129.57	5.37	0.07	2362.65	5.29	0	0
857.37	4.18	0	0	4.69	0	0	5.19	0.13	4102.02	5.37	0.07	2349.2	5.29	0	0
858.95	4.18	0	0	4.68	0	0	5.18	0.13	4074.71	5.37	0.07	2335.95	5.28	0	0
860.54	4.18	0	0	4.68	0	0	5.18	0.13	4047.64	5.36	0.07	2322.74	5.28	0	0
862.12	4.18	0	0	4.68	0	0	5.18	0.13	4020.82	5.36	0.07	2309.59	5.28	0	0
863.7	4.18	0	0	4.67	0	0	5.17	0.12	3994.11	5.35	0.07	2296.63	5.27	0	0
865.29	4.17	0	0	4.67	0	0	5.17	0.12	3967.77	5.35	0.07	2283.71	5.27	0	0
866.87	4.17	0	0	4.67	0	0	5.17	0.12	3941.69	5.35	0.07	2270.99	5.26	0	0
868.45	4.17	0	0	4.67	0	0	5.16	0.12	3915.7	5.34	0.07	2258.31	5.26	0	0
870.03	4.17	0	0	4.66	0	0	5.16	0.12	3889.94	5.34	0.07	2245.83	5.25	0	0
871.61	4.17	0	0	4.66	0	0	5.16	0.12	3864.57	5.34	0.07	2233.39	5.25	0	0
873.2	4.17	0	0	4.66	0	0	5.15	0.12	3839.29	5.33	0.07	2221.14	5.25	0	0
874.78	4.17	0	0	4.66	0	0	5.15	0.12	3814.25	5.33	0.07	2208.94	5.24	0	0
876.36	4.16	0	0	4.66	0	0	5.15	0.12	3789.3	5.32	0.07	2196.92	5.24	0	0
877.94	4.16	0	0	4.65	0	0	5.14	0.12	3764.72	5.32	0.07	2184.81	5.23	0	0
879.52	4.16	0	0	4.65	0	0	5.14	0.12	3740.38	5.32	0.07	2173.02	5.23	0	0
881.1	4.16	0	0	4.65	0	0	5.14	0.12	3716.13	5.31	0.07	2161.28	5.23	0	0
882.68	4.16	0	0	4.65	0	0	5.13	0.12	3692.1	5.31	0.07	2149.57	5.22	0	0
884.27	4.16	0	0	4.64	0	0	5.13	0.12	3668.31	5.31	0.07	2138.06	5.22	0	0
885.85	4.16	0	0	4.64	0	0	5.13	0.12	3644.74	5.3	0.07	2126.58	5.21	0	0
887.43	4.15	0	0	4.64	0	0	5.12	0.12	3621.26	5.3	0.07	2115.15	5.21	0	0
889.01	4.15	0	0	4.64	0	0	5.12	0.12	3598	5.3	0.07	2103.9	5.21	0	0
890.59	4.15	0	0	4.63	0	0	5.12	0.11	3574.96	5.29	0.07	2092.69	5.2	0	0
892.17	4.15	0	0	4.63	0	0	5.12	0.11	3552.15	5.29	0.07	2081.66	5.2	0	0
893.75	4.15	0	0	4.63	0	0	5.11	0.11	3529.56	5.29	0.07	2070.66	5.2	0	0
895.33	4.15	0	0	4.63	0	0	5.11	0.11	3507.05	5.28	0.07	2059.85	5.19	0	0
896.91	4.15	0	0	4.63	0	0	5.11	0.11	3484.77	5.28	0.07	2048.94	5.19	0	0
898.49	4.15	0	0	4.62	0	0	5.1	0.11	3462.7	5.28	0.07	2038.34	5.18	0	0
900.06	4.14	0	0	4.62	0	0	5.1	0.11	3440.84	5.27	0.07	2027.65	5.18	0	0
901.64	4.14	0	0	4.62	0	0	5.1	0.11	3419.07	5.27	0.07	2017.13	5.18	0	0
903.22	4.14	0	0	4.62	0	0	5.1	0.11	3397.51	5.27	0.07	2006.78	5.17	0	0
904.8	4.14	0	0	4.62	0	0	5.09	0.11	3376.17	5.27	0.07	1996.34	5.17	0	0
906.38	4.14	0	0	4.61	0	0	5.09	0.11	3355.03	5.26	0.07	1986.07	5.17	0	0
907.96	4.14	0	0	4.61	0	0	5.09	0.11	3333.98	5.26	0.07	1975.97	5.16	0	0
909.54	4.14	0	0	4.61	0	0	5.09	0.11	3313.13	5.26	0.07	1965.77	5.16	0	0
911.11	4.14	0	0	4.61	0	0	5.08	0.11	3292.36	5.25	0.07	1955.89	5.16	0	0
912.69	4.13	0	0	4.61	0	0	5.08	0.11	3271.8	5.25	0.06	1945.9	5.15	0	0
914.27	4.13	0	0	4.6	0	0	5.08	0.11	3251.45	5.25	0.06	1936.08	5.15	0	0
915.85	4.13	0	0	4.6	0	0	5.08	0.11	3231.3	5.24	0.06	1926.29	5.15	0	0
917.42	4.13	0	0	4.6	0	0	5.07	0.11	3211.23	5.24	0.06	1916.55	5.14	0	0
919	4.13	0	0	4.6	0	0	5.07	0.11	3191.36	5.24	0.06	1906.97	5.14	0	0
920.58	4.13	0	0	4.6	0	0	5.07	0.1	3171.69	5.24	0.06	1897.42	5.14	0	0
922.16	4.13	0	0	4.59	0	0	5.06	0.1	3152.1	5.23	0.06	1888.04	5.14	0	0
923.73	4.13	0	0	4.59	0	0	5.06	0.1	3132.71	5.23	0.06	1878.56	5.13	0	0
925.31	4.12	0	0	4.59	0	0	5.06	0.1	3113.52	5.23	0.06	1869.39	5.13	0	0
926.89	4.12	0	0	4.59	0	0	5.06	0.1	3094.39	5.23	0.06	1860.11	5.13	0	0
928.46	4.12	0	0	4.59	0	0	5.05	0.1	3075.47	5.22	0.06	1850.99	5.12	0	0
930.04	4.12	0	0	4.58	0	0	5.05	0.1	3056.61	5.22	0.06	1841.91	5.12	0	0
931.61	4.12	0	0	4.58	0	0	5.05	0.1	3037.95	5.22	0.06	1832.86	5.12	0	0
933.19	4.12	0	0	4.58	0	0	5.05	0.1	3019.49	5.21	0.06	1823.98	5.12	0	0
934.76	4.12	0	0	4.58	0	0	5.05	0.1	3001.09	5.21	0.06	1814.99	5.11	0	0
936.34	4.12	0	0	4.58	0	0	5.04	0.1	2982.89	5.21	0.06	1806.3	5.11	0	0
937.91	4.12	0	0	4.58	0	0	5.04	0.1	2964.75	5.21	0.06	1797.5	5.11	0	0
939.49	4.11	0	0	4.57	0	0	5.04	0.1	2946.81	5.2	0.06	1788.87	5.1	0	0
941.06	4.11	0	0	4.57	0	0	5.04	0.1	2929.06	5.2	0.06	1780.27	5.1	0	0
942.64	4.11	0	0	4.57	0	0	5.03	0.1	2911.37	5.2	0.06	1771.7	5.1	0	0
944.21	4.11	0	0	4.57	0	0	5.03	0.1	2893.87	5.2	0.06	1763.29	5.1	0	0
945.79	4.11	0	0	4.57	0	0	5.03	0.1	2876.43	5.19	0.06	1754.9	5.09	0	0
947.36	4.11	0	0	4.57	0	0	5.03	0.1	2859.19	5.19	0.06	1746.55	5.09	0	0
948.93	4.11	0	0	4.56	0	0	5.02	0.1	2842.13	5.19	0.06	1738.36	5.09	0	0
950.51	4.11	0	0	4.56	0	0	5.02	0.1	2825.13	5.19	0.06	1730.06	5.09	0	0
952.08	4.11	0	0	4.56	0	0	5.02	0.1	2808.19	5.18	0.06	1721.92	5.08	0	0
953.65	4.11	0	0	4.56	0	0	5.02	0.09	2791.56	5.18	0.06	1713.94	5.08	0	0
955.23	4.1	0	0	4.56	0	0	5.02	0.09	2774.86	5.18	0.06	1705.86	5.08	0	0
956.8	4.1	0	0	4.56	0	0	5.01	0.09	2758.48	5.18	0.06	1697.93	5.08	0	0
958.37	4.1	0	0	4.55	0	0	5.01	0.09	2742.02	5.17	0.06	1690.03	5.07	0	0
959.94	4.1	0	0	4.55	0	0	5.01	0.09	2725.88	5.17	0.06	1682.16	5.07	0	0
961.52	4.1	0	0	4.55	0	0	5.01	0.09	2709.66	5.17	0.06	1674.44	5.07	0	0
963.09	4.1	0	0	4.55	0	0	5	0.09	2693.76	5.17	0.06	1666.62	5.07	0	0
964.66	4.1	0	0	4.55	0	0	5	0.09	2677.9	5.17	0.06	1658.95	5.06	0	0
966.23	4.1	0	0	4.55	0	0	5	0.09	2662.1	5.16	0.06	1651.44	5.06	0	0
967.8	4.1	0	0	4.55	0	0	5	0.09	2646.48	5.16	0.06	1643.83	5.06	0	0
969.37	4.1	0	0	4.54	0	0	5	0.09	2630.92	5.16	0.06	1636.37	5.06	0	0
970.95	4.09	0	0	4.54	0	0	4.99	0.09	2615.53	5.16	0.06	1628.93	5.05	0	0
972.52	4.09	0	0	4.54	0	0	4.99	0.09	2600.32	5.15	0.06	1621.52	5.05	0	0
974.09	4.09	0	0	4.54	0	0	4.99	0.09	2585.04	5.15	0.06	1614.26	5.05	0	0
975.66	4.09	0	0	4.54	0	0	4.99	0.09	2570.06	5.15	0.06	1606.9	5.05	0	0
977.23	4.09	0	0	4.54	0	0	4.99	0.09	2555.12	5.15	0.06	1599.69	5.04	0	0
978.8	4.09	0	0	4.54	0	0	4.98	0.09	2540.24	5.15	0.06	1592.63	5.04	0	0
980.37	4.09	0	0	4.53	0	0	4.98	0.09	2525.54	5.14	0.06	1585.46	5.04	0	0
981.94	4.09	0	0	4.53	0	0	4.98	0.09	2510.88	5.14	0.06	1578.32	5.04	0	0
983.51	4.09	0	0	4.53	0	0	4.98	0.09	2496.39	5.14	0.06	1571.33	5.04	0	0
985.07	4.09	0	0	4.53	0	0	4.98	0.09	2481.96	5.14	0.06	1564.36	5.03	0	0
986.64	4.09	0	0	4.53	0	0	4.97	0.09	2467.69	5.14	0.06	1557.54	5.03	0	0
988.21	4.08	0	0	4.53	0	0	4.97	0.09	2453.48	5.13	0.06	1550.62	5.03	0	0
989.78	4.08	0	0	4.53	0	0	4.97	0.09	2439.43	5.13	0.06	1543.85	5.03	0	0
991.35	4.08	0	0	4.52	0	0	4.97	0.09	2425.43	5.13	0.05	1537.1	5.03	0	0
992.92	4.08	0	0	4.52	0	0	4.97	0.08	2411.48	5.13	0.05	1530.37	5.02	0	0
994.48	4.08	0	0	4.52	0	0	4.96	0.08	2397.69	5.13	0.05	1523.66	5.02	0	0
996.05	4.08	0	0	4.52	0	0	4.96	0.08	2383.95	5.12	0.05	1517.1	5.02	0	0
997.62	4.08	0	0	4.52	0	0	4.96	0.08	2370.38	5.12	0.05	1510.43	5.02	0	0
999.19	4.08	0	0	4.52	0	0	4.96	0.08	2356.98	5.12	0.05	1503.91	5.02	0	0
1013	4.07	0	0	4.51	0	0	4.94	0.08	2241.97	5.1	0.05	1448.3	5	0	0
1016.4	4.07	0	0	4.5	0	0	4.94	0.08	2214.68	5.1	0.05	1435.04	4.99	0	0
1019.81	4.07	0	0	4.5	0	0	4.93	0.08	2187.82	5.09	0.05	1421.99	4.99	0	0
1023.22	4.07	0	0	4.5	0	0	4.93	0.08	2161.38	5.09	0.05	1409.15	4.99	0	0
1026.62	4.06	0	0	4.5	0	0	4.93	0.08	2135.36	5.09	0.05	1396.52	4.98	0	0
1030.03	4.06	0	0	4.49	0	0	4.92	0.08	2109.63	5.08	0.05	1384.09	4.98	0	0
1033.43	4.06	0	0	4.49	0	0	4.92	0.08	2084.31	5.08	0.05	1371.75	4.98	0	0
1036.84	4.06	0	0	4.49	0	0	4.92	0.08	2059.41	5.08	0.05	1359.61	4.97	0	0
1040.25	4.06	0	0	4.49	0	0	4.91	0.07	2034.78	5.07	0.05	1347.66	4.97	0	0
1043.66	4.06	0	0	4.49	0	0	4.91	0.07	2010.56	5.07	0.05	1335.92	4.96	0	0
1047.06	4.05	0	0	4.48	0	0	4.91	0.07	1986.73	5.07	0.05	1324.25	4.96	0	0
1050.47	4.05	0	0	4.48	0	0	4.9	0.07	1963.18	5.06	0.05	1312.77	4.96	0	0
1053.88	4.05	0	0	4.48	0	0	4.9	0.07	1940.02	5.06	0.05	1301.49	4.95	0	0
1057.29	4.05	0	0	4.48	0	0	4.9	0.07	1917.12	5.05	0.05	1290.28	4.95	0	0
1060.7	4.05	0	0	4.47	0	0	4.89	0.07	1894.61	5.05	0.05	1279.27	4.95	0	0
1064.11	4.05	0	0	4.47	0	0	4.89	0.07	1872.36	5.05	0.05	1268.43	4.94	0	0
1067.52	4.04	0	0	4.47	0	0	4.89	0.07	1850.49	5.04	0.05	1257.67	4.94	0	0
1070.93	4.04	0	0	4.47	0	0	4.88	0.07	1828.87	5.04	0.05	1247.1	4.94	0	0
1074.34	4.04	0	0	4.47	0	0	4.88	0.07	1807.51	5.04	0.05	1236.71	4.94	0	0
1077.75	4.04	0	0	4.46	0	0	4.88	0.07	1786.51	5.04	0.05	1226.38	4.93	0	0
1081.16	4.04	0	0	4.46	0	0	4.87	0.07	1765.88	5.03	0.05	1216.23	4.93	0	0
1084.58	4.04	0	0	4.46	0	0	4.87	0.07	1745.38	5.03	0.05	1206.15	4.93	0	0
1087.99	4.04	0	0	4.46	0	0	4.87	0.07	1725.35	5.03	0.05	1196.24	4.92	0	0
1091.4	4.03	0	0	4.46	0	0	4.86	0.07	1705.45	5.02	0.05	1186.52	4.92	0	0
1094.81	4.03	0	0	4.45	0	0	4.86	0.06	1685.9	5.02	0.05	1176.85	4.92	0	0
1098.23	4.03	0	0	4.45	0	0	4.86	0.06	1666.59	5.02	0.05	1167.36	4.92	0	0
1101.64	4.03	0	0	4.45	0	0	4.85	0.06	1647.51	5.01	0.05	1157.92	4.91	0	0
1105.05	4.03	0	0	4.45	0	0	4.85	0.06	1628.66	5.01	0.05	1148.66	4.91	0	0
1108.47	4.03	0	0	4.45	0	0	4.85	0.06	1610.15	5.01	0.04	1139.45	4.91	0	0
1111.88	4.03	0	0	4.45	0	0	4.84	0.06	1591.87	5.01	0.04	1130.41	4.9	0	0
1115.3	4.02	0	0	4.44	0	0	4.84	0.06	1573.81	5	0.04	1121.43	4.9	0	0
1118.71	4.02	0	0	4.44	0	0	4.84	0.06	1555.98	5	0.04	1112.62	4.9	0	0
1122.13	4.02	0	0	4.44	0	0	4.84	0.06	1538.48	5	0.04	1103.86	4.9	0	0
1125.54	4.02	0	0	4.44	0	0	4.83	0.06	1521.08	4.99	0.04	1095.26	4.89	0	0
1128.96	4.02	0	0	4.44	0	0	4.83	0.06	1504.01	4.99	0.04	1086.82	4.89	0	0
1132.38	4.02	0	0	4.44	0	0	4.83	0.06	1487.15	4.99	0.04	1078.33	4.89	0	0
1135.79	4.02	0	0	4.43	0	0	4.83	0.06	1470.51	4.99	0.04	1070.11	4.89	0	0
1139.21	4.02	0	0	4.43	0	0	4.82	0.06	1454.08	4.98	0.04	1061.82	4.89	0	0
1142.63	4.01	0	0	4.43	0	0	4.82	0.06	1437.85	4.98	0.04	1053.81	4.88	0	0
1146.05	4.01	0	0	4.43	0	0	4.82	0.06	1421.94	4.98	0.04	1045.73	4.88	0	0
1149.47	4.01	0	0	4.43	0	0	4.81	0.06	1406.12	4.98	0.04	1037.81	4.88	0	0
1152.88	4.01	0	0	4.43	0	0	4.81	0.06	1390.5	4.97	0.04	1030.04	4.88	0	0
1156.3	4.01	0	0	4.43	0	0	4.81	0.06	1375.2	4.97	0.04	1022.33	4.87	0	0
1159.72	4.01	0	0	4.42	0	0	4.81	0.06	1359.98	4.97	0.04	1014.65	4.87	0	0
1163.14	4.01	0	0	4.42	0	0	4.8	0.05	1344.97	4.97	0.04	1007.13	4.87	0	0
1166.56	4.01	0	0	4.42	0	0	4.8	0.05	1330.25	4.96	0.04	999.65	4.87	0	0
1169.98	4	0	0	4.42	0	0	4.8	0.05	1315.62	4.96	0.04	992.22	4.87	0	0
1173.41	4	0	0	4.42	0	0	4.8	0.05	1301.18	4.96	0.04	984.94	4.86	0	0
1176.83	4	0	0	4.42	0	0	4.79	0.05	1287.04	4.96	0.04	977.8	4.86	0	0
1180.25	4	0	0	4.42	0	0	4.79	0.05	1272.98	4.95	0.04	970.6	4.86	0	0
1183.67	4	0	0	4.42	0	0	4.79	0.05	1259.11	4.95	0.04	963.55	4.86	0	0
1187.09	4	0	0	4.41	0	0	4.79	0.05	1245.42	4.95	0.04	956.64	4.86	0	0
1190.51	4	0	0	4.41	0	0	4.78	0.05	1231.92	4.95	0.04	949.78	4.85	0	0
1193.94	4	0	0	4.41	0	0	4.78	0.05	1218.6	4.95	0.04	942.95	4.85	0	0
1197.36	4	0	0	4.41	0	0	4.78	0.05	1205.36	4.94	0.04	936.26	4.85	0	0
1200.78	3.99	0	0	4.41	0	0	4.78	0.05	1192.4	4.94	0.04	929.51	4.85	0	0
1204.21	3.99	0	0	4.41	0	0	4.77	0.05	1179.51	4.94	0.04	923.01	4.85	0	0
1207.63	3.99	0	0	4.41	0	0	4.77	0.05	1166.9	4.94	0.04	916.44	4.85	0	0
1211.06	3.99	0	0	4.41	0	0	4.77	0.05	1154.37	4.94	0.04	910.01	4.84	0	0
1214.48	3.99	0	0	4.4	0	0	4.77	0.05	1142.01	4.93	0.04	903.72	4.84	0	0
1217.91	3.99	0	0	4.4	0	0	4.76	0.05	1129.72	4.93	0.04	897.36	4.84	0	0
1221.33	3.99	0	0	4.4	0	0	4.76	0.05	1117.7	4.93	0.04	891.13	4.84	0	0
1224.76	3.99	0	0	4.4	0	0	4.76	0.05	1105.75	4.93	0.04	884.95	4.84	0	0
1228.19	3.99	0	0	4.4	0	0	4.76	0.05	1094.07	4.93	0.04	878.9	4.84	0	0
1231.61	3.98	0	0	4.4	0	0	4.76	0.05	1082.35	4.92	0.04	872.88	4.83	0	0
1235.04	3.98	0	0	4.4	0	0	4.75	0.05	1070.9	4.92	0.04	866.9	4.83	0	0
1238.47	3.98	0	0	4.4	0	0	4.75	0.05	1059.62	4.92	0.04	860.95	4.83	0	0
1241.9	3.98	0	0	4.4	0	0	4.75	0.05	1048.4	4.92	0.04	855.13	4.83	0	0
1245.32	3.98	0	0	4.4	0	0	4.75	0.04	1037.34	4.92	0.04	849.35	4.83	0	0
1248.75	3.98	0	0	4.39	0	0	4.74	0.04	1026.44	4.91	0.04	843.69	4.83	0	0
1252.18	3.98	0	0	4.39	0	0	4.74	0.04	1015.6	4.91	0.04	837.97	4.83	0	0
1255.61	3.98	0	0	4.39	0	0	4.74	0.04	1004.92	4.91	0.04	832.38	4.82	0	0
1259.04	3.98	0	0	4.39	0	0	4.74	0.04	994.4	4.91	0.04	826.92	4.82	0	0
1262.47	3.98	0	0	4.39	0	0	4.74	0.04	984.03	4.91	0.04	821.39	4.82	0	0
1265.9	3.97	0	0	4.39	0	0	4.73	0.04	973.72	4.9	0.04	815.98	4.82	0	0
1269.33	3.97	0	0	4.39	0	0	4.73	0.04	963.57	4.9	0.04	810.61	4.82	0	0
1272.76	3.97	0	0	4.39	0	0	4.73	0.04	953.56	4.9	0.04	805.27	4.82	0	0
1276.19	3.97	0	0	4.39	0	0	4.73	0.04	943.61	4.9	0.04	800.05	4.82	0	0
1279.63	3.97	0	0	4.39	0	0	4.73	0.04	933.82	4.9	0.04	794.86	4.81	0	0
1283.06	3.97	0	0	4.39	0	0	4.72	0.04	924.17	4.9	0.04	789.7	4.81	0	0
1286.49	3.97	0	0	4.38	0	0	4.72	0.04	914.57	4.89	0.04	784.56	4.81	0	0
1289.92	3.97	0	0	4.38	0	0	4.72	0.04	905.12	4.89	0.04	779.55	4.81	0	0
1293.36	3.97	0	0	4.38	0	0	4.72	0.04	895.82	4.89	0.04	774.47	4.81	0	0
1296.79	3.97	0	0	4.38	0	0	4.72	0.04	886.57	4.89	0.04	769.51	4.81	0	0
1300.22	3.97	0	0	4.38	0	0	4.71	0.04	877.47	4.89	0.03	764.68	4.81	0	0
1303.66	3.96	0	0	4.38	0	0	4.71	0.04	868.41	4.89	0.03	759.77	4.81	0	0
1307.09	3.96	0	0	4.38	0	0	4.71	0.04	859.59	4.88	0.03	754.99	4.81	0	0
1310.53	3.96	0	0	4.38	0	0	4.71	0.04	850.72	4.88	0.03	750.23	4.8	0	0
1313.96	3.96	0	0	4.38	0	0	4.71	0.04	842.09	4.88	0.03	745.49	4.8	0	0
1317.4	3.96	0	0	4.38	0	0	4.7	0.04	833.5	4.88	0.03	740.88	4.8	0	0
1320.83	3.96	0	0	4.38	0	0	4.7	0.04	824.96	4.88	0.03	736.19	4.8	0	0
1324.27	3.96	0	0	4.38	0	0	4.7	0.04	816.55	4.88	0.03	731.62	4.8	0	0
1327.71	3.96	0	0	4.38	0	0	4.7	0.04	808.29	4.87	0.03	727.17	4.8	0	0
1331.14	3.96	0	0	4.37	0	0	4.7	0.04	800.06	4.87	0.03	722.65	4.8	0	0
1334.58	3.96	0	0	4.37	0	0	4.69	0.04	791.98	4.87	0.03	718.16	4.8	0	0
1338.02	3.96	0	0	4.37	0	0	4.69	0.04	783.93	4.87	0.03	713.78	4.8	0	0
1341.46	3.95	0	0	4.37	0	0	4.69	0.04	776.02	4.87	0.03	709.42	4.79	0	0
1344.9	3.95	0	0	4.37	0	0	4.69	0.04	768.24	4.87	0.03	705.08	4.79	0	0
1348.33	3.95	0	0	4.37	0	0	4.69	0.04	760.51	4.87	0.03	700.86	4.79	0	0
1351.77	3.95	0	0	4.37	0	0	4.69	0.04	752.81	4.86	0.03	696.56	4.79	0	0
1355.21	3.95	0	0	4.37	0	0	4.68	0.03	745.24	4.86	0.03	692.39	4.79	0	0
1358.65	3.95	0	0	4.37	0	0	4.68	0.03	737.8	4.86	0.03	688.23	4.79	0	0
1362.09	3.95	0	0	4.37	0	0	4.68	0.03	730.41	4.86	0.03	684.09	4.79	0	0
1365.53	3.95	0	0	4.37	0	0	4.68	0.03	723.14	4.86	0.03	680.07	4.79	0	0
1368.97	3.95	0	0	4.37	0	0	4.68	0.03	715.9	4.86	0.03	675.97	4.79	0	0
1372.42	3.95	0	0	4.37	0	0	4.67	0.03	708.7	4.86	0.03	671.99	4.79	0	0
1375.86	3.95	0	0	4.37	0	0	4.67	0.03	701.73	4.85	0.03	668.02	4.79	0	0
1379.3	3.94	0	0	4.37	0	0	4.67	0.03	694.69	4.85	0.03	664.08	4.78	0	0
1382.74	3.94	0	0	4.37	0	0	4.67	0.03	687.78	4.85	0.03	660.15	4.78	0	0
1386.18	3.94	0	0	4.36	0	0	4.67	0.03	681	4.85	0.03	656.34	4.78	0	0
1389.63	3.94	0	0	4.36	0	0	4.67	0.03	674.24	4.85	0.03	652.45	4.78	0	0
1393.07	3.94	0	0	4.36	0	0	4.66	0.03	667.62	4.85	0.03	648.67	4.78	0	0
1396.51	3.94	0	0	4.36	0	0	4.66	0.03	661.02	4.85	0.03	644.91	4.78	0	0
1399.96	3.94	0	0	4.36	0	0	4.66	0.03	654.46	4.84	0.03	641.17	4.78	0	0
1403.4	3.94	0	0	4.36	0	0	4.66	0.03	648.02	4.84	0.03	637.54	4.78	0	0
1406.85	3.94	0	0	4.36	0	0	4.66	0.03	641.7	4.84	0.03	633.84	4.78	0	0
1410.29	3.94	0	0	4.36	0	0	4.66	0.03	635.41	4.84	0.03	630.24	4.78	0	0
1413.74	3.94	0	0	4.36	0	0	4.65	0.03	629.15	4.84	0.03	626.66	4.78	0	0
1417.18	3.94	0	0	4.36	0	0	4.65	0.03	623.01	4.84	0.03	623.09	4.78	0	0
1420.63	3.94	0	0	4.36	0	0	4.65	0.03	616.9	4.84	0.03	619.55	4.78	0	0
1424.07	3.93	0	0	4.36	0	0	4.65	0.03	610.9	4.84	0.03	616.02	4.78	0	0
1427.52	3.93	0	0	4.36	0	0	4.65	0.03	604.94	4.83	0.03	612.6	4.77	0	0
1430.97	3.93	0	0	4.36	0	0	4.65	0.03	599.09	4.83	0.03	609.1	4.77	0	0
1434.42	3.93	0	0	4.36	0	0	4.64	0.03	593.27	4.83	0.03	605.71	4.77	0	0
1437.86	3.93	0	0	4.36	0	0	4.64	0.03	587.48	4.83	0.03	602.33	4.77	0	0
1441.31	3.93	0	0	4.36	0	0	4.64	0.03	581.8	4.83	0.03	598.98	4.77	0	0
1444.76	3.93	0	0	4.36	0	0	4.64	0.03	576.15	4.83	0.03	595.63	4.77	0	0
1448.21	3.93	0	0	4.36	0	0	4.64	0.03	570.61	4.83	0.03	592.39	4.77	0	0
1451.66	3.93	0	0	4.36	0	0	4.64	0.03	565.1	4.83	0.03	589.08	4.77	0	0
1455.11	3.93	0	0	4.36	0	0	4.63	0.03	559.62	4.82	0.03	585.87	4.77	0	0
1458.56	3.93	0	0	4.36	0	0	4.63	0.03	554.24	4.82	0.03	582.67	4.77	0	0
1462.01	3.93	0	0	4.36	0	0	4.63	0.03	548.89	4.82	0.03	579.41	4.77	0	0
1465.46	3.93	0	0	4.35	0	0	4.63	0.03	543.66	4.82	0.03	576.33	4.77	0	0
1468.91	3.92	0	0	4.35	0	0	4.63	0.03	538.45	4.82	0.03	573.18	4.77	0	0
1472.36	3.92	0	0	4.35	0	0	4.63	0.03	533.26	4.82	0.03	570.04	4.77	0	0
1475.81	3.92	0	0	4.35	0	0	4.62	0.03	528.18	4.82	0.03	567.01	4.77	0	0
1479.26	3.92	0	0	4.35	0	0	4.62	0.03	523.21	4.82	0.03	563.9	4.77	0	0
1482.72	3.92	0	0	4.35	0	0	4.62	0.03	518.18	4.82	0.03	560.89	4.77	0	0
1486.17	3.92	0	0	4.35	0	0	4.62	0.03	513.25	4.81	0.03	557.9	4.76	0	0
1489.62	3.92	0	0	4.35	0	0	4.62	0.03	508.35	4.81	0.03	554.92	4.76	0	0
1493.07	3.92	0	0	4.35	0	0	4.62	0.03	503.56	4.81	0.03	551.95	4.76	0	0
1496.53	3.92	0	0	4.35	0	0	4.61	0.03	498.7	4.81	0.03	549	4.76	0	0
1499.98	3.92	0	0	4.35	0	0	4.61	0.03	494.03	4.81	0.03	546.14	4.76	0	0
1503.44	3.92	0	0	4.35	0	0	4.61	0.03	489.3	4.81	0.03	543.21	4.76	0	0
1506.89	3.92	0	0	4.35	0	0	4.61	0.02	484.68	4.81	0.03	540.38	4.76	0	0
1510.35	3.92	0	0	4.35	0	0	4.61	0.02	480.07	4.81	0.03	537.57	4.76	0	0
1513.8	3.91	0	0	4.35	0	0	4.61	0.02	475.49	4.81	0.03	534.76	4.76	0	0
1517.26	3.91	0	0	4.35	0	0	4.61	0.02	470.93	4.8	0.03	531.97	4.76	0	0
1520.71	3.91	0	0	4.35	0	0	4.6	0.02	466.47	4.8	0.03	529.19	4.76	0	0
1524.17	3.91	0	0	4.35	0	0	4.6	0.02	462.03	4.8	0.03	526.43	4.76	0	0
1527.63	3.91	0	0	4.35	0	0	4.6	0.02	457.7	4.8	0.03	523.67	4.76	0	0
1531.09	3.91	0	0	4.35	0	0	4.6	0.02	453.3	4.8	0.03	521.01	4.76	0	0
1534.54	3.91	0	0	4.35	0	0	4.6	0.02	449	4.8	0.03	518.36	4.76	0	0
1538	3.91	0	0	4.35	0	0	4.6	0.02	444.72	4.8	0.03	515.65	4.76	0	0
1541.46	3.91	0	0	4.35	0	0	4.6	0.02	440.55	4.8	0.03	513.02	4.76	0	0
1544.92	3.91	0	0	4.35	0	0	4.59	0.02	436.39	4.8	0.03	510.41	4.76	0	0
1548.38	3.91	0	0	4.35	0	0	4.59	0.02	432.25	4.8	0.03	507.81	4.76	0	0
1551.84	3.91	0	0	4.35	0	0	4.59	0.02	428.13	4.79	0.03	505.22	4.76	0	0
1555.3	3.91	0	0	4.35	0	0	4.59	0.02	424.02	4.79	0.03	502.64	4.76	0	0
1558.76	3.91	0	0	4.35	0	0	4.59	0.02	420.02	4.79	0.03	500.15	4.76	0	0
1562.22	3.9	0	0	4.35	0	0	4.59	0.02	416.03	4.79	0.03	497.6	4.76	0	0
1565.68	3.9	0	0	4.35	0	0	4.58	0.02	412.06	4.79	0.03	495.13	4.76	0	0
1569.14	3.9	0	0	4.35	0	0	4.58	0.02	408.19	4.79	0.03	492.68	4.76	0	0
1572.6	3.9	0	0	4.35	0	0	4.58	0.02	404.34	4.79	0.03	490.16	4.76	0	0
1576.06	3.9	0	0	4.35	0	0	4.58	0.02	400.5	4.79	0.03	487.73	4.76	0	0
1579.52	3.9	0	0	4.35	0	0	4.58	0.02	396.68	4.79	0.03	485.3	4.76	0	0
1582.99	3.9	0	0	4.35	0	0	4.58	0.02	392.87	4.79	0.03	482.89	4.75	0	0
1586.45	3.9	0	0	4.35	0	0	4.58	0.02	389.16	4.78	0.03	480.57	4.75	0	0
1589.91	3.9	0	0	4.35	0	0	4.57	0.02	385.47	4.78	0.03	478.18	4.75	0	0
1593.37	3.9	0	0	4.35	0	0	4.57	0.02	381.79	4.78	0.03	475.8	4.75	0	0
1596.84	3.9	0	0	4.35	0	0	4.57	0.02	378.21	4.78	0.03	473.51	4.75	0	0
1600.3	3.9	0	0	4.35	0	0	4.57	0.02	374.64	4.78	0.03	471.15	4.75	0	0
1603.77	3.9	0	0	4.35	0	0	4.57	0.02	371.01	4.78	0.03	468.88	4.75	0	0
1607.23	3.9	0	0	4.35	0	0	4.57	0.02	367.55	4.78	0.03	466.62	4.75	0	0
1610.7	3.9	0	0	4.35	0	0	4.57	0.02	364.03	4.78	0.03	464.36	4.75	0	0
1614.16	3.89	0	0	4.35	0	0	4.56	0.02	360.6	4.78	0.03	462.12	4.75	0	0
1617.63	3.89	0	0	4.35	0	0	4.56	0.02	357.11	4.78	0.03	459.89	4.75	0	0
1621.1	3.89	0	0	4.35	0	0	4.56	0.02	353.79	4.78	0.03	457.66	4.75	0	0
1624.56	3.89	0	0	4.35	0	0	4.56	0.02	350.41	4.77	0.03	455.45	4.75	0	0
1628.03	3.89	0	0	4.35	0	0	4.56	0.02	347.04	4.77	0.03	453.25	4.75	0	0
1631.5	3.89	0	0	4.35	0	0	4.56	0.02	343.76	4.77	0.03	451.13	4.75	0	0
1634.96	3.89	0	0	4.35	0	0	4.56	0.02	340.49	4.77	0.03	448.94	4.75	0	0
1638.43	3.89	0	0	4.35	0	0	4.56	0.02	337.24	4.77	0.03	446.84	4.75	0	0
1641.9	3.89	0	0	4.35	0	0	4.55	0.02	334.08	4.77	0.03	444.67	4.75	0	0
1645.37	3.89	0	0	4.35	0	0	4.55	0.02	330.85	4.77	0.03	442.59	4.75	0	0
1648.84	3.89	0	0	4.35	0	0	4.55	0.02	327.72	4.77	0.03	440.51	4.75	0	0
1652.31	3.89	0	0	4.35	0	0	4.55	0.02	324.6	4.77	0.03	438.45	4.75	0	0
1655.78	3.89	0	0	4.35	0	0	4.55	0.02	321.49	4.77	0.03	436.39	4.75	0	0
1659.25	3.89	0	0	4.35	0	0	4.55	0.02	318.39	4.77	0.03	434.34	4.75	0	0
1662.72	3.89	0	0	4.34	0	0	4.55	0.02	315.38	4.76	0.02	432.3	4.75	0	0
1666.19	3.88	0	0	4.34	0	0	4.54	0.02	312.39	4.76	0.02	430.27	4.75	0	0
1669.66	3.88	0	0	4.34	0	0	4.54	0.02	309.41	4.76	0.02	428.32	4.75	0	0
1673.13	3.88	0	0	4.34	0	0	4.54	0.02	306.44	4.76	0.02	426.31	4.75	0	0
1676.6	3.88	0	0	4.34	0	0	4.54	0.02	303.55	4.76	0.02	424.37	4.75	0	0
1680.08	3.88	0	0	4.34	0	0	4.54	0.02	300.61	4.76	0.02	422.38	4.75	0	0
1683.55	3.88	0	0	4.34	0	0	4.54	0.02	297.75	4.76	0.02	420.46	4.75	0	0
1687.02	3.88	0	0	4.34	0	0	4.54	0.02	294.9	4.76	0.02	418.55	4.75	0	0
															
															
